# Time-averaged data for fix energyout
# TimeStep v_Eint
41000 -10.5439
42000 -12.7039
43000 -10.1742
44000 -8.46869
45000 -10.0754
46000 -14.2046
47000 -14.3288
48000 -14.235
49000 -11.5497
50000 -14.4356
51000 -13.8233
52000 -14.137
53000 -13.3278
54000 -12.961
55000 -14.2335
56000 -13.5452
57000 -14.0644
58000 -12.7832
59000 -12.7358
60000 -11.8441
61000 -12.7502
62000 -11.2528
63000 -11.58
64000 -11.706
65000 -9.63234
66000 -9.23967
67000 -10.2468
68000 -11.7951
69000 -13.1228
70000 -13.6368
71000 -13.363
72000 -11.8471
73000 -8.28706
74000 -8.8506
75000 -12.003
76000 -13.4715
77000 -13.4513
78000 -14.8041
79000 -12.9022
80000 -11.8457
81000 -12.8684
82000 -13.3137
83000 -12.7097
84000 -12.8991
85000 -13.4861
86000 -13.7655
87000 -13.732
88000 -14.8677
89000 -13.3444
90000 -10.9568
91000 -11.6609
92000 -11.4886
93000 -13.2178
94000 -13.0443
95000 -13.238
96000 -13.8872
97000 -13.2909
98000 -13.1058
99000 -13.9934
100000 -10.715
101000 -11.4908
102000 -13.3509
103000 -13.83
104000 -14.2214
105000 -14.6707
106000 -13.7921
107000 -14.7164
108000 -12.4398
109000 -10.4234
110000 -11.4099
111000 -10.4059
112000 -10.928
113000 -9.35119
114000 -9.29147
115000 -11.1218
116000 -11.9023
117000 -11.1618
118000 -13.6506
119000 -12.2312
120000 -15.1853
121000 -14.4896
122000 -14.09
123000 -13.6786
124000 -12.0142
125000 -12.7857
126000 -12.0391
127000 -9.3346
128000 -11.9615
129000 -13.3349
130000 -13.7155
131000 -14.1058
132000 -14.0532
133000 -13.343
134000 -14.8344
135000 -13.6327
136000 -12.3987
137000 -13.0624
138000 -14.0272
139000 -14.0434
140000 -15.1621
141000 -15.385
142000 -12.6276
143000 -12.148
144000 -13.1997
145000 -14.7283
146000 -12.2842
147000 -14.2419
148000 -12.7054
149000 -11.584
150000 -12.967
151000 -15.1229
152000 -12.4438
153000 -12.7774
154000 -12.6349
155000 -12.0918
156000 -13.2159
157000 -15.6374
158000 -14.0383
159000 -12.709
160000 -13.5293
161000 -11.9013
162000 -11.5956
163000 -11.8424
164000 -13.755
165000 -14.2296
166000 -13.8214
167000 -13.5941
168000 -14.8135
169000 -13.9804
170000 -12.2542
171000 -12.0316
172000 -13.508
173000 -12.8677
174000 -14.5458
175000 -14.5289
176000 -13.2008
177000 -11.6859
178000 -11.6284
179000 -12.2647
180000 -11.6565
181000 -13.7694
182000 -14.0859
183000 -14.4286
184000 -13.6256
185000 -13.873
186000 -14.5632
187000 -14.72
188000 -15.3651
189000 -13.8293
190000 -11.2498
191000 -10.0099
192000 -11.9809
193000 -12.7096
194000 -13.6068
195000 -13.8071
196000 -14.3201
197000 -14.1109
198000 -14.5237
199000 -14.2352
200000 -14.0546
201000 -11.7101
202000 -13.0652
203000 -13.9455
204000 -12.4754
205000 -14.0157
206000 -14.9955
207000 -14.8164
208000 -14.8431
209000 -14.8184
210000 -13.8498
211000 -14.6247
212000 -12.278
213000 -11.684
214000 -13.1738
215000 -11.0335
216000 -10.6945
217000 -12.4263
218000 -14.0749
219000 -13.1259
220000 -13.2589
221000 -13.4119
222000 -14.2918
223000 -15.0199
224000 -11.4752
225000 -12.9739
226000 -12.3563
227000 -13.2309
228000 -14.1642
229000 -14.8777
230000 -15.0879
231000 -14.1956
232000 -16.0205
233000 -15.3709
234000 -13.8577
235000 -14.2993
236000 -14.5192
237000 -12.9574
238000 -12.6529
239000 -11.1092
240000 -15.1607
241000 -15.2044
242000 -13.8519
243000 -14.605
244000 -13.7822
245000 -12.8107
246000 -12.9957
247000 -13.2119
248000 -12.9423
249000 -13.0635
250000 -12.6947
251000 -12.5121
252000 -13.9084
253000 -13.5205
254000 -13.0169
255000 -14.5094
256000 -12.9312
257000 -11.4284
258000 -13.7929
259000 -12.1238
260000 -13.2743
261000 -14.1184
262000 -13.891
263000 -13.5548
264000 -12.0503
265000 -14.155
266000 -14.0967
267000 -14.0136
268000 -14.5227
269000 -14.9392
270000 -14.7998
271000 -14.1074
272000 -13.0902
273000 -13.8065
274000 -13.4641
275000 -12.7808
276000 -13.7492
277000 -14.7216
278000 -14.8666
279000 -13.6135
280000 -14.2199
281000 -12.9519
282000 -14.3387
283000 -14.541
284000 -13.946
285000 -14.4343
286000 -13.7492
287000 -12.4806
288000 -12.395
289000 -13.5725
290000 -13.9936
291000 -14.5584
292000 -13.3365
293000 -14.3052
294000 -13.4188
295000 -11.9805
296000 -13.5012
297000 -13.9679
298000 -13.3015
299000 -12.3486
300000 -14.2919
301000 -14.4006
302000 -15.1259
303000 -13.7683
304000 -11.6356
305000 -8.47563
306000 -8.02899
307000 -9.61422
308000 -11.8714
309000 -11.3624
310000 -13.1819
311000 -12.039
312000 -11.0412
313000 -15.143
314000 -15.0564
315000 -15.0737
316000 -15.5435
317000 -14.1035
318000 -12.021
319000 -13.2715
320000 -13.3212
321000 -12.5236
322000 -13.8109
323000 -13.7179
324000 -13.3148
325000 -13.7168
326000 -10.754
327000 -10.7652
328000 -10.8693
329000 -11.5654
330000 -12.6257
331000 -12.2244
332000 -14.4377
333000 -13.6905
334000 -14.223
335000 -13.4375
336000 -13.4196
337000 -12.9801
338000 -14.2488
339000 -13.2921
340000 -14.3664
341000 -13.2387
342000 -13.2138
343000 -13.5952
344000 -12.1612
345000 -14.0859
346000 -13.4682
347000 -12.574
348000 -14.6868
349000 -14.6546
350000 -14.0125
351000 -12.4377
352000 -12.0679
353000 -13.7161
354000 -14.718
355000 -14.593
356000 -11.0604
357000 -12.5596
358000 -10.1257
359000 -9.29171
360000 -9.78752
361000 -8.37768
362000 -11.3095
363000 -12.7264
364000 -13.7061
365000 -13.9717
366000 -13.83
367000 -13.4605
368000 -12.7313
369000 -13.3151
370000 -14.9178
371000 -14.2092
372000 -14.2003
373000 -14.7037
374000 -16.0957
375000 -14.1293
376000 -12.9577
377000 -13.4742
378000 -13.976
379000 -12.0231
380000 -10.5974
381000 -12.1007
382000 -13.4382
383000 -11.466
384000 -12.8633
385000 -13.4376
386000 -11.6732
387000 -12.7137
388000 -12.5191
389000 -13.2194
390000 -13.016
391000 -10.4092
392000 -12.6311
393000 -12.8526
394000 -9.89835
395000 -8.94944
396000 -10.6696
397000 -14.0919
398000 -14.0611
399000 -12.6616
400000 -12.6813
401000 -14.2677
402000 -14.6412
403000 -13.8822
404000 -10.6342
405000 -11.2147
406000 -13.5783
407000 -12.1267
408000 -10.9474
409000 -10.4136
410000 -11.239
411000 -12.7369
412000 -13.3096
413000 -13.9327
414000 -12.3129
415000 -12.6167
416000 -14.1272
417000 -10.1873
418000 -11.4352
419000 -11.4473
420000 -9.79842
421000 -7.31598
422000 -7.62472
423000 -9.58941
424000 -11.1123
425000 -11.3355
426000 -12.2371
427000 -13.2146
428000 -10.6374
429000 -9.83998
430000 -11.7769
431000 -11.7974
432000 -11.891
433000 -13.971
434000 -12.1716
435000 -11.7835
436000 -11.7307
437000 -10.8749
438000 -10.8449
439000 -13.3328
440000 -14.4258
