# Time-averaged data for fix tempout
# TimeStep c_mdTemp
41000 291.154
42000 296.402
43000 312.865
44000 302.102
45000 305.987
46000 299.191
47000 297.84
48000 307.922
49000 280.161
50000 313.501
51000 294.525
52000 316.132
53000 302.268
54000 296.609
55000 285.585
56000 303.338
57000 279.162
58000 296.173
59000 331.502
60000 290.009
61000 306.588
62000 269.118
63000 308.9
64000 288.909
65000 309.882
66000 289.194
67000 294.311
68000 306.054
69000 273.598
70000 282.242
71000 312.576
72000 286.16
73000 305.987
74000 279.316
75000 307.677
76000 290.188
77000 301.034
78000 299.897
79000 319.349
80000 297.854
81000 306.032
82000 301.81
83000 299.46
84000 310
85000 288.911
86000 303.104
87000 301.267
88000 294.689
89000 298.343
90000 306.814
91000 304.419
92000 293.347
93000 289.424
94000 300.751
95000 292.996
96000 303.674
97000 295.401
98000 299.422
99000 311.016
100000 297.532
101000 292.645
102000 301.953
103000 277.808
104000 309.94
105000 294.431
106000 305.314
107000 303.451
108000 298.653
109000 314.41
110000 296.534
111000 297.973
112000 287.464
113000 299.087
114000 299.731
115000 297.2
116000 303.352
117000 289.389
118000 306.787
119000 305.037
120000 311.793
121000 300.23
122000 311.536
123000 302.841
124000 289.814
125000 314.277
126000 291.007
127000 305.223
128000 300.731
129000 297.931
130000 298.878
131000 301.697
132000 286.713
133000 306.4
134000 297.016
135000 298.512
136000 294.717
137000 297.841
138000 317.252
139000 295.408
140000 307.991
141000 294.247
142000 307.171
143000 305.272
144000 292.053
145000 296.895
146000 316.964
147000 291.983
148000 312.111
149000 296.981
150000 314.185
151000 292.365
152000 300.967
153000 301.82
154000 293.378
155000 276.204
156000 301.279
157000 303.552
158000 309.971
159000 287.457
160000 305.649
161000 278.583
162000 305.36
163000 301.146
164000 280.932
165000 309.475
166000 292.285
167000 299.717
168000 312.325
169000 291.204
170000 287.087
171000 291.267
172000 294.656
173000 328.223
174000 292.145
175000 309.508
176000 278.245
177000 287.002
178000 295.266
179000 308.428
180000 296.995
181000 287.117
182000 312.404
183000 279.757
184000 293.697
185000 303.875
186000 308.323
187000 293.853
188000 293.538
189000 295.928
190000 310.522
191000 283.62
192000 287.274
193000 309.312
194000 286.924
195000 306.685
196000 296.402
197000 292.297
198000 306.581
199000 290.953
200000 297.145
201000 297.646
202000 305.871
203000 306.759
204000 296.422
205000 289.414
206000 313.925
207000 290.022
208000 302.211
209000 306.118
210000 310.685
211000 300.186
212000 285.941
213000 292.255
214000 308.367
215000 290.5
216000 314.199
217000 310.465
218000 296.534
219000 286.163
220000 300.665
221000 305.543
222000 286.037
223000 304.062
224000 316.85
225000 298.023
226000 296.498
227000 302.121
228000 272.276
229000 306.869
230000 287.86
231000 306.941
232000 288.349
233000 297.838
234000 307.983
235000 310.029
236000 301.583
237000 294.15
238000 300.731
239000 313.858
240000 303.688
241000 297.273
242000 294.688
243000 318.671
244000 300.389
245000 292.363
246000 311.275
247000 297.426
248000 308.03
249000 297.196
250000 311.302
251000 292.436
252000 287.942
253000 306.986
254000 280.123
255000 287.636
256000 315.182
257000 295.267
258000 328.291
259000 302.881
260000 302.211
261000 317.057
262000 300.206
263000 286.582
264000 308.859
265000 287.215
266000 297.34
267000 302.057
268000 305.095
269000 305.853
270000 295.599
271000 297.442
272000 306.625
273000 302.318
274000 285.03
275000 306.648
276000 293.291
277000 303.915
278000 295.787
279000 282.242
280000 305.706
281000 299.983
282000 296.863
283000 306.18
284000 292.474
285000 303.922
286000 302.115
287000 298.281
288000 289.623
289000 295.832
290000 298.832
291000 292.79
292000 285.771
293000 308.578
294000 281.821
295000 295.928
296000 300.005
297000 289.193
298000 302.656
299000 295.883
300000 300.878
301000 298.05
302000 316.773
303000 300.955
304000 298.9
305000 302.253
306000 311.428
307000 311.534
308000 292.648
309000 313.608
310000 284.464
311000 298.706
312000 296.134
313000 299.257
314000 304.185
315000 288.225
316000 297.396
317000 270.398
318000 303.72
319000 303.506
320000 292.316
321000 296.872
322000 294.768
323000 293.056
324000 310.882
325000 291.664
326000 311.25
327000 287.315
328000 280.133
329000 287.513
330000 310.543
331000 281.468
332000 301.774
333000 283.871
334000 318.263
335000 283.992
336000 301.841
337000 299.687
338000 294.251
339000 310.17
340000 287.959
341000 306.065
342000 291.775
343000 307.149
344000 308.632
345000 296.94
346000 308.926
347000 299.427
348000 296.954
349000 298.209
350000 295.201
351000 299.464
352000 315.178
353000 293.117
354000 275.483
355000 297.736
356000 312.31
357000 302.389
358000 301.84
359000 303.292
360000 302.262
361000 281.889
362000 292.995
363000 307.43
364000 301.949
365000 294.13
366000 313.318
367000 305.984
368000 289.686
369000 312.989
370000 292.647
371000 297.663
372000 303.207
373000 288.44
374000 300.449
375000 283.939
376000 305.779
377000 291.263
378000 293.01
379000 302.278
380000 292.57
381000 302.396
382000 312.208
383000 289.848
384000 306.887
385000 323.868
386000 303.256
387000 287.377
388000 303.255
389000 298.098
390000 288.463
391000 305.69
392000 311.83
393000 292.249
394000 317.478
395000 294.13
396000 308.156
397000 272.215
398000 298.667
399000 306.701
400000 296.904
401000 296.698
402000 299.849
403000 298.861
404000 298.278
405000 293.431
406000 312.875
407000 292.046
408000 307.836
409000 298.561
410000 289.638
411000 284.082
412000 309.123
413000 293.867
414000 305.947
415000 306.928
416000 294.342
417000 293.282
418000 309.759
419000 287.715
420000 303.34
421000 330.409
422000 300.854
423000 290.268
424000 317.207
425000 300.354
426000 304.426
427000 316.828
428000 299.895
429000 265.682
430000 296.812
431000 314.259
432000 302.821
433000 297.022
434000 312.798
435000 285.614
436000 320.943
437000 297.028
438000 321.057
439000 291.352
440000 308.957
