# r(Angstrom)   g(r)    S-Pb
2.500000000000000139e-02 0.000000000000000000e+00
7.500000000000001110e-02 0.000000000000000000e+00
1.250000000000000000e-01 0.000000000000000000e+00
1.750000000000000167e-01 0.000000000000000000e+00
2.250000000000000056e-01 0.000000000000000000e+00
2.750000000000000222e-01 0.000000000000000000e+00
3.250000000000000666e-01 0.000000000000000000e+00
3.750000000000000000e-01 0.000000000000000000e+00
4.250000000000000444e-01 0.000000000000000000e+00
4.749999999999999778e-01 0.000000000000000000e+00
5.250000000000000222e-01 0.000000000000000000e+00
5.750000000000000666e-01 0.000000000000000000e+00
6.250000000000000000e-01 0.000000000000000000e+00
6.750000000000000444e-01 0.000000000000000000e+00
7.250000000000000888e-01 0.000000000000000000e+00
7.750000000000000222e-01 0.000000000000000000e+00
8.250000000000000666e-01 0.000000000000000000e+00
8.750000000000000000e-01 0.000000000000000000e+00
9.250000000000000444e-01 0.000000000000000000e+00
9.750000000000000888e-01 0.000000000000000000e+00
1.024999999999999911e+00 0.000000000000000000e+00
1.075000000000000178e+00 0.000000000000000000e+00
1.125000000000000000e+00 0.000000000000000000e+00
1.175000000000000266e+00 0.000000000000000000e+00
1.225000000000000089e+00 0.000000000000000000e+00
1.274999999999999911e+00 0.000000000000000000e+00
1.325000000000000178e+00 0.000000000000000000e+00
1.375000000000000000e+00 0.000000000000000000e+00
1.425000000000000266e+00 0.000000000000000000e+00
1.475000000000000089e+00 0.000000000000000000e+00
1.524999999999999911e+00 0.000000000000000000e+00
1.575000000000000178e+00 0.000000000000000000e+00
1.625000000000000000e+00 0.000000000000000000e+00
1.675000000000000266e+00 0.000000000000000000e+00
1.725000000000000089e+00 0.000000000000000000e+00
1.774999999999999911e+00 0.000000000000000000e+00
1.825000000000000178e+00 0.000000000000000000e+00
1.875000000000000000e+00 0.000000000000000000e+00
1.925000000000000266e+00 0.000000000000000000e+00
1.975000000000000089e+00 0.000000000000000000e+00
2.025000000000000355e+00 0.000000000000000000e+00
2.075000000000000178e+00 0.000000000000000000e+00
2.125000000000000000e+00 0.000000000000000000e+00
2.174999999999999822e+00 0.000000000000000000e+00
2.225000000000000089e+00 0.000000000000000000e+00
2.275000000000000355e+00 0.000000000000000000e+00
2.325000000000000178e+00 0.000000000000000000e+00
2.375000000000000000e+00 0.000000000000000000e+00
2.425000000000000266e+00 0.000000000000000000e+00
2.475000000000000089e+00 0.000000000000000000e+00
2.525000000000000355e+00 0.000000000000000000e+00
2.575000000000000178e+00 0.000000000000000000e+00
2.625000000000000000e+00 0.000000000000000000e+00
2.675000000000000266e+00 0.000000000000000000e+00
2.725000000000000089e+00 0.000000000000000000e+00
2.775000000000000355e+00 0.000000000000000000e+00
2.825000000000000178e+00 0.000000000000000000e+00
2.875000000000000000e+00 0.000000000000000000e+00
2.925000000000000266e+00 0.000000000000000000e+00
2.975000000000000089e+00 0.000000000000000000e+00
3.025000000000000355e+00 0.000000000000000000e+00
3.075000000000000178e+00 0.000000000000000000e+00
3.125000000000000000e+00 0.000000000000000000e+00
3.175000000000000266e+00 0.000000000000000000e+00
3.225000000000000089e+00 0.000000000000000000e+00
3.275000000000000355e+00 0.000000000000000000e+00
3.325000000000000178e+00 0.000000000000000000e+00
3.375000000000000000e+00 0.000000000000000000e+00
3.425000000000000266e+00 0.000000000000000000e+00
3.475000000000000089e+00 0.000000000000000000e+00
3.525000000000000355e+00 0.000000000000000000e+00
3.575000000000000178e+00 0.000000000000000000e+00
3.625000000000000000e+00 0.000000000000000000e+00
3.675000000000000266e+00 0.000000000000000000e+00
3.725000000000000089e+00 0.000000000000000000e+00
3.775000000000000355e+00 0.000000000000000000e+00
3.825000000000000178e+00 0.000000000000000000e+00
3.875000000000000000e+00 0.000000000000000000e+00
3.925000000000000266e+00 0.000000000000000000e+00
3.975000000000000089e+00 0.000000000000000000e+00
4.025000000000000355e+00 0.000000000000000000e+00
4.075000000000000178e+00 0.000000000000000000e+00
4.125000000000000000e+00 0.000000000000000000e+00
4.175000000000000711e+00 0.000000000000000000e+00
4.224999999999999645e+00 0.000000000000000000e+00
4.275000000000000355e+00 0.000000000000000000e+00
4.325000000000000178e+00 0.000000000000000000e+00
4.375000000000000000e+00 0.000000000000000000e+00
4.425000000000000711e+00 0.000000000000000000e+00
4.474999999999999645e+00 0.000000000000000000e+00
4.525000000000000355e+00 0.000000000000000000e+00
4.575000000000000178e+00 0.000000000000000000e+00
4.625000000000000000e+00 0.000000000000000000e+00
4.675000000000000711e+00 0.000000000000000000e+00
4.724999999999999645e+00 0.000000000000000000e+00
4.775000000000000355e+00 0.000000000000000000e+00
4.825000000000001066e+00 0.000000000000000000e+00
4.875000000000000000e+00 0.000000000000000000e+00
4.925000000000000711e+00 0.000000000000000000e+00
4.974999999999999645e+00 0.000000000000000000e+00
5.025000000000000355e+00 0.000000000000000000e+00
5.075000000000001066e+00 0.000000000000000000e+00
5.125000000000000000e+00 0.000000000000000000e+00
5.175000000000000711e+00 0.000000000000000000e+00
5.224999999999999645e+00 0.000000000000000000e+00
5.275000000000000355e+00 0.000000000000000000e+00
5.325000000000001066e+00 8.910843306293041166e-02
5.375000000000000000e+00 0.000000000000000000e+00
5.425000000000000711e+00 0.000000000000000000e+00
5.474999999999999645e+00 1.685853966713372343e-01
5.525000000000000355e+00 0.000000000000000000e+00
5.575000000000001066e+00 0.000000000000000000e+00
5.625000000000000000e+00 7.985705843799759118e-02
5.675000000000000711e+00 0.000000000000000000e+00
5.724999999999999645e+00 4.625500473162122428e-01
5.775000000000000355e+00 7.576254096180176645e-02
5.825000000000001066e+00 7.446748659852951702e-02
5.875000000000000000e+00 4.392321376902860175e-01
5.925000000000000711e+00 2.159251300946426200e-01
5.974999999999999645e+00 3.538774365482043049e-01
6.025000000000000355e+00 9.744793995925677965e-01
6.075000000000001066e+00 4.792523440925397504e-01
6.125000000000000000e+00 4.714597961488752320e-01
6.175000000000000711e+00 6.626511029639896577e-01
6.224999999999999645e+00 6.520489133206454069e-01
6.275000000000000355e+00 7.700389795345558008e-01
6.325000000000001066e+00 5.052750893548545452e-01
6.375000000000000000e+00 9.947606559354772449e-01
6.425000000000000711e+00 9.181296763527249105e-01
6.474999999999999645e+00 1.205339846885307598e+00
6.525000000000000355e+00 1.483672590002284686e+00
6.575000000000001066e+00 1.168954508484422616e+00
6.625000000000000000e+00 9.211012631589285959e-01
6.675000000000000711e+00 1.304321001592442908e+00
6.724999999999999645e+00 1.564345493012940347e+00
6.775000000000000355e+00 1.100957735637437374e+00
6.825000000000001066e+00 1.356107059337853693e+00
6.875000000000000000e+00 1.710660710848816768e+00
6.925000000000000711e+00 1.159157529329269298e+00
6.974999999999999645e+00 1.402279878718637018e+00
7.025000000000000355e+00 1.126391623584707125e+00
7.075000000000001066e+00 1.211484236668655790e+00
7.125000000000000000e+00 9.954505661065753408e-01
7.175000000000000711e+00 1.227031359499617169e+00
7.224999999999999645e+00 9.680856473658896455e-01
7.275000000000000355e+00 1.384495392973437156e+00
7.325000000000001066e+00 7.534670419388583840e-01
7.375000000000000000e+00 1.300749119050470304e+00
7.425000000000000711e+00 1.054130794808464833e+00
7.474999999999999645e+00 1.040075927162060987e+00
7.525000000000000355e+00 7.585697794167661767e-01
7.575000000000001066e+00 1.100865798623348990e+00
7.625000000000000000e+00 9.995575541020152999e-01
7.675000000000000711e+00 1.029471099975613146e+00
7.724999999999999645e+00 9.738466295980141574e-01
7.775000000000000355e+00 7.523699388343266792e-01
7.825000000000001066e+00 8.665833619837333135e-01
7.875000000000000000e+00 8.556140997390337954e-01
7.925000000000000711e+00 7.643897247444401133e-01
7.974999999999999645e+00 5.164660378378187477e-01
8.025000000000000355e+00 7.846929133505733400e-01
8.074999999999999289e+00 1.046257384940945112e+00
8.125000000000000000e+00 6.889466887108022242e-01
8.175000000000000711e+00 8.695852836408143327e-01
8.225000000000001421e+00 1.008444113763982797e+00
8.275000000000000355e+00 9.962943325439799214e-01
8.324999999999999289e+00 1.130194334373050058e+00
8.375000000000000000e+00 6.844534256651912951e-01
8.425000000000000711e+00 7.831461349931295723e-01
8.475000000000001421e+00 1.090541613472450821e+00
8.525000000000000355e+00 1.043019568116043905e+00
8.574999999999999289e+00 1.030891571052634292e+00
8.625000000000000000e+00 9.850080868289782243e-01
8.675000000000000711e+00 9.401108911967328563e-01
8.725000000000001421e+00 9.957502332210009799e-01
8.775000000000000355e+00 1.050064012928782153e+00
8.824999999999999289e+00 1.103086447909749079e+00
8.875000000000000000e+00 1.058613162543670994e+00
8.925000000000000711e+00 8.881813871269489402e-01
8.975000000000001421e+00 6.901029198985338953e-01
9.025000000000000355e+00 8.375860856699955947e-01
9.074999999999999289e+00 1.104509248140348010e+00
9.125000000000000000e+00 5.462191148128061613e-01
9.175000000000000711e+00 5.702976764783511676e-01
9.225000000000001421e+00 5.344411799040610367e-01
9.275000000000000355e+00 7.342979947477671354e-01
9.324999999999999289e+00 4.068089846919727415e-01
9.375000000000000000e+00 3.737326083855896375e-01
9.425000000000000711e+00 5.404444814095440419e-01
9.475000000000001421e+00 5.629006788820997143e-01
9.525000000000000355e+00 5.291561608216421853e-01
9.575000000000001066e+00 7.165657030062541066e-01
9.625000000000000000e+00 6.000417233249618620e-01
9.675000000000000711e+00 7.828098934640432827e-01
9.725000000000001421e+00 5.877650063909259925e-01
9.775000000000000355e+00 9.519831107871169484e-01
9.825000000000001066e+00 8.637918584775614583e-01
9.875000000000000000e+00 7.255111926380046761e-01
9.925000000000000711e+00 9.490760117234485760e-01
9.975000000000001421e+00 8.887969348174107331e-01
1.002500000000000036e+01 9.805193441303048374e-01
1.007500000000000107e+01 1.120166897899566028e+00
1.012500000000000000e+01 1.059836155624670262e+00
1.017500000000000071e+01 1.366719966697589328e+00
1.022500000000000142e+01 9.667044426020441339e-01
1.027500000000000036e+01 9.094530848254865907e-01
1.032500000000000107e+01 9.006661671861817542e-01
1.037500000000000000e+01 9.859013492166155412e-01
1.042500000000000071e+01 7.207256125106356048e-01
1.047500000000000142e+01 8.750561685536752954e-01
1.052500000000000036e+01 7.983332918140181311e-01
1.057500000000000107e+01 7.230188816339614410e-01
1.062500000000000000e+01 7.386122102508206888e-01
1.067500000000000071e+01 9.977854675601882661e-01
1.072500000000000142e+01 5.931022857146162064e-01
1.077500000000000036e+01 5.876106373014228224e-01
1.082500000000000107e+01 6.468832328592432068e-01
1.087500000000000000e+01 5.341238050987462405e-01
1.092500000000000071e+01 6.774348751187528883e-01
1.097500000000000142e+01 5.454120903248326213e-01
1.102500000000000036e+01 6.236264632421818499e-01
1.107500000000000107e+01 5.356071456557937038e-01
1.112500000000000000e+01 7.145432087082025374e-01
1.117500000000000071e+01 5.058310008595328089e-01
1.122500000000000142e+01 6.016017060401130934e-01
1.127500000000000036e+01 5.764019043017510890e-01
1.132500000000000107e+01 6.698275592552439539e-01
1.137500000000000000e+01 7.030079118559776630e-01
1.142500000000000071e+01 8.323702830671398933e-01
1.147500000000000142e+01 7.291867070623587743e-01
1.152500000000000036e+01 8.560343390307671996e-01
1.157500000000000107e+01 7.166418130057495839e-01
1.162500000000000000e+01 7.852788842316364981e-01
1.167500000000000071e+01 7.414925142191923779e-01
1.172500000000000142e+01 8.454592745651661190e-01
1.177500000000000036e+01 8.200706170323039945e-01
1.182500000000000107e+01 9.396402670803309931e-01
1.187500000000000000e+01 8.959078625427396858e-01
1.192500000000000071e+01 7.818014772051068428e-01
1.197500000000000142e+01 9.691081284440513643e-01
