# r(Angstrom)   g(r)    N-Pb
2.500000000000000139e-02 0.000000000000000000e+00
7.500000000000001110e-02 0.000000000000000000e+00
1.250000000000000000e-01 0.000000000000000000e+00
1.750000000000000167e-01 0.000000000000000000e+00
2.250000000000000056e-01 0.000000000000000000e+00
2.750000000000000222e-01 0.000000000000000000e+00
3.250000000000000666e-01 0.000000000000000000e+00
3.750000000000000000e-01 0.000000000000000000e+00
4.250000000000000444e-01 0.000000000000000000e+00
4.749999999999999778e-01 0.000000000000000000e+00
5.250000000000000222e-01 0.000000000000000000e+00
5.750000000000000666e-01 0.000000000000000000e+00
6.250000000000000000e-01 0.000000000000000000e+00
6.750000000000000444e-01 0.000000000000000000e+00
7.250000000000000888e-01 0.000000000000000000e+00
7.750000000000000222e-01 0.000000000000000000e+00
8.250000000000000666e-01 0.000000000000000000e+00
8.750000000000000000e-01 0.000000000000000000e+00
9.250000000000000444e-01 0.000000000000000000e+00
9.750000000000000888e-01 0.000000000000000000e+00
1.024999999999999911e+00 0.000000000000000000e+00
1.075000000000000178e+00 0.000000000000000000e+00
1.125000000000000000e+00 0.000000000000000000e+00
1.175000000000000266e+00 0.000000000000000000e+00
1.225000000000000089e+00 0.000000000000000000e+00
1.274999999999999911e+00 0.000000000000000000e+00
1.325000000000000178e+00 0.000000000000000000e+00
1.375000000000000000e+00 0.000000000000000000e+00
1.425000000000000266e+00 0.000000000000000000e+00
1.475000000000000089e+00 0.000000000000000000e+00
1.524999999999999911e+00 0.000000000000000000e+00
1.575000000000000178e+00 0.000000000000000000e+00
1.625000000000000000e+00 0.000000000000000000e+00
1.675000000000000266e+00 0.000000000000000000e+00
1.725000000000000089e+00 0.000000000000000000e+00
1.774999999999999911e+00 0.000000000000000000e+00
1.825000000000000178e+00 0.000000000000000000e+00
1.875000000000000000e+00 0.000000000000000000e+00
1.925000000000000266e+00 0.000000000000000000e+00
1.975000000000000089e+00 0.000000000000000000e+00
2.025000000000000355e+00 0.000000000000000000e+00
2.075000000000000178e+00 0.000000000000000000e+00
2.125000000000000000e+00 0.000000000000000000e+00
2.174999999999999822e+00 0.000000000000000000e+00
2.225000000000000089e+00 0.000000000000000000e+00
2.275000000000000355e+00 0.000000000000000000e+00
2.325000000000000178e+00 0.000000000000000000e+00
2.375000000000000000e+00 0.000000000000000000e+00
2.425000000000000266e+00 0.000000000000000000e+00
2.475000000000000089e+00 0.000000000000000000e+00
2.525000000000000355e+00 0.000000000000000000e+00
2.575000000000000178e+00 0.000000000000000000e+00
2.625000000000000000e+00 0.000000000000000000e+00
2.675000000000000266e+00 0.000000000000000000e+00
2.725000000000000089e+00 0.000000000000000000e+00
2.775000000000000355e+00 0.000000000000000000e+00
2.825000000000000178e+00 0.000000000000000000e+00
2.875000000000000000e+00 0.000000000000000000e+00
2.925000000000000266e+00 0.000000000000000000e+00
2.975000000000000089e+00 0.000000000000000000e+00
3.025000000000000355e+00 0.000000000000000000e+00
3.075000000000000178e+00 0.000000000000000000e+00
3.125000000000000000e+00 0.000000000000000000e+00
3.175000000000000266e+00 0.000000000000000000e+00
3.225000000000000089e+00 0.000000000000000000e+00
3.275000000000000355e+00 0.000000000000000000e+00
3.325000000000000178e+00 0.000000000000000000e+00
3.375000000000000000e+00 0.000000000000000000e+00
3.425000000000000266e+00 0.000000000000000000e+00
3.475000000000000089e+00 0.000000000000000000e+00
3.525000000000000355e+00 0.000000000000000000e+00
3.575000000000000178e+00 0.000000000000000000e+00
3.625000000000000000e+00 0.000000000000000000e+00
3.675000000000000266e+00 0.000000000000000000e+00
3.725000000000000089e+00 0.000000000000000000e+00
3.775000000000000355e+00 0.000000000000000000e+00
3.825000000000000178e+00 0.000000000000000000e+00
3.875000000000000000e+00 0.000000000000000000e+00
3.925000000000000266e+00 0.000000000000000000e+00
3.975000000000000089e+00 0.000000000000000000e+00
4.025000000000000355e+00 0.000000000000000000e+00
4.075000000000000178e+00 0.000000000000000000e+00
4.125000000000000000e+00 0.000000000000000000e+00
4.175000000000000711e+00 0.000000000000000000e+00
4.224999999999999645e+00 0.000000000000000000e+00
4.275000000000000355e+00 0.000000000000000000e+00
4.325000000000000178e+00 0.000000000000000000e+00
4.375000000000000000e+00 0.000000000000000000e+00
4.425000000000000711e+00 0.000000000000000000e+00
4.474999999999999645e+00 0.000000000000000000e+00
4.525000000000000355e+00 0.000000000000000000e+00
4.575000000000000178e+00 0.000000000000000000e+00
4.625000000000000000e+00 0.000000000000000000e+00
4.675000000000000711e+00 0.000000000000000000e+00
4.724999999999999645e+00 0.000000000000000000e+00
4.775000000000000355e+00 0.000000000000000000e+00
4.825000000000001066e+00 0.000000000000000000e+00
4.875000000000000000e+00 0.000000000000000000e+00
4.925000000000000711e+00 0.000000000000000000e+00
4.974999999999999645e+00 0.000000000000000000e+00
5.025000000000000355e+00 0.000000000000000000e+00
5.075000000000001066e+00 0.000000000000000000e+00
5.125000000000000000e+00 0.000000000000000000e+00
5.175000000000000711e+00 0.000000000000000000e+00
5.224999999999999645e+00 0.000000000000000000e+00
5.275000000000000355e+00 0.000000000000000000e+00
5.325000000000001066e+00 0.000000000000000000e+00
5.375000000000000000e+00 0.000000000000000000e+00
5.425000000000000711e+00 0.000000000000000000e+00
5.474999999999999645e+00 0.000000000000000000e+00
5.525000000000000355e+00 0.000000000000000000e+00
5.575000000000001066e+00 0.000000000000000000e+00
5.625000000000000000e+00 0.000000000000000000e+00
5.675000000000000711e+00 1.569121873279851753e-01
5.724999999999999645e+00 7.709167455270203584e-02
5.775000000000000355e+00 3.788127048090088045e-01
5.825000000000001066e+00 7.446748659852951702e-02
5.875000000000000000e+00 2.196160688451430087e-01
5.925000000000000711e+00 3.598752168244043759e-01
5.974999999999999645e+00 3.538774365482043049e-01
6.025000000000000355e+00 6.264510425952221073e-01
6.075000000000001066e+00 5.477169646771883338e-01
6.125000000000000000e+00 6.735139944983932203e-01
6.175000000000000711e+00 6.626511029639896577e-01
6.224999999999999645e+00 4.564342393244517626e-01
6.275000000000000355e+00 8.342088944957687380e-01
6.325000000000001066e+00 1.136868951048422893e+00
6.375000000000000000e+00 1.181278278923379332e+00
6.425000000000000711e+00 7.957123861723616187e-01
6.474999999999999645e+00 1.687475785639430459e+00
6.525000000000000355e+00 1.661713300802558857e+00
6.575000000000001066e+00 2.045670389847739745e+00
6.625000000000000000e+00 1.899771355265290174e+00
6.675000000000000711e+00 1.701288262946664798e+00
6.724999999999999645e+00 2.793474094665964635e+00
6.775000000000000355e+00 2.201915471274874747e+00
6.825000000000001066e+00 2.766458401049221472e+00
6.875000000000000000e+00 1.657202563634791348e+00
6.925000000000000711e+00 2.581759951687918164e+00
6.974999999999999645e+00 2.337133131197728364e+00
7.025000000000000355e+00 3.071977155231019552e+00
7.075000000000001066e+00 2.826796552226863657e+00
7.125000000000000000e+00 2.090446188823808171e+00
7.175000000000000711e+00 2.012331429579372166e+00
7.224999999999999645e+00 1.984575577100073929e+00
7.275000000000000355e+00 1.814166376999676311e+00
7.325000000000001066e+00 2.072034365331860695e+00
7.375000000000000000e+00 2.369221609699070807e+00
7.425000000000000711e+00 2.245756910678903040e+00
7.474999999999999645e+00 2.170593239294735799e+00
7.525000000000000355e+00 1.874113572676716633e+00
7.575000000000001066e+00 2.642077916696037754e+00
7.625000000000000000e+00 1.694901939564286808e+00
7.675000000000000711e+00 2.144731458282527647e+00
7.724999999999999645e+00 1.693646312344372573e+00
7.775000000000000355e+00 1.588336537539134063e+00
7.825000000000001066e+00 1.196710357025155602e+00
7.875000000000000000e+00 1.059331742534041831e+00
7.925000000000000711e+00 1.126469068044438027e+00
7.974999999999999645e+00 8.342912918918610199e-01
8.025000000000000355e+00 1.098570078690802587e+00
8.074999999999999289e+00 8.525060173592886592e-01
8.125000000000000000e+00 9.951452170267142128e-01
8.175000000000000711e+00 6.427369487779932555e-01
8.225000000000001421e+00 7.096458578339138734e-01
8.275000000000000355e+00 5.903966415075436736e-01
8.324999999999999289e+00 3.645788175396935671e-01
8.375000000000000000e+00 4.322863741043313501e-01
8.425000000000000711e+00 4.627681706777583837e-01
8.475000000000001421e+00 3.166088555242599356e-01
8.525000000000000355e+00 3.476731893720146072e-02
8.574999999999999289e+00 1.718152618421057154e-01
8.625000000000000000e+00 6.793159219510194746e-02
8.675000000000000711e+00 1.678769448565594347e-01
8.725000000000001421e+00 2.323417210849002268e-01
8.775000000000000355e+00 6.562900080804888459e-02
8.824999999999999289e+00 9.733115716850726518e-02
8.875000000000000000e+00 1.283167469749904310e-01
8.925000000000000711e+00 3.172076382596246413e-02
8.975000000000001421e+00 3.136831454084244852e-02
9.025000000000000355e+00 0.000000000000000000e+00
9.074999999999999289e+00 6.136162489668599979e-02
9.125000000000000000e+00 3.034550637848923080e-02
9.175000000000000711e+00 0.000000000000000000e+00
9.225000000000001421e+00 5.938235332267344929e-02
9.275000000000000355e+00 0.000000000000000000e+00
9.324999999999999289e+00 5.811556924171039362e-02
9.375000000000000000e+00 5.749732436701379679e-02
9.425000000000000711e+00 2.844444638997600458e-02
9.475000000000001421e+00 2.814503394410498502e-02
9.525000000000000355e+00 2.785032425377064261e-02
9.575000000000001066e+00 5.512043869278877156e-02
9.625000000000000000e+00 8.182387136249480442e-02
9.675000000000000711e+00 8.098033380662517100e-02
9.725000000000001421e+00 8.014977359876263030e-02
9.775000000000000355e+00 1.586638517978528062e-01
9.825000000000001066e+00 1.832285760406948405e-01
9.875000000000000000e+00 1.295555701139294025e-01
9.925000000000000711e+00 1.539042181173159718e-01
9.975000000000001421e+00 2.793361795140433812e-01
1.002500000000000036e+01 3.771228246655018435e-01
1.007500000000000107e+01 3.733889659665220462e-01
1.012500000000000000e+01 3.943576393022028559e-01
1.017500000000000071e+01 4.881142738205676013e-01
1.022500000000000142e+01 3.383465549107154136e-01
1.027500000000000036e+01 6.222573738279645328e-01
1.032500000000000107e+01 8.058592022192152537e-01
1.037500000000000000e+01 7.276890910884543651e-01
1.042500000000000071e+01 9.997161721921720146e-01
1.047500000000000142e+01 1.220473077193283906e+00
1.052500000000000036e+01 1.254523744279171460e+00
1.057500000000000107e+01 9.715566221956356552e-01
1.062500000000000000e+01 9.176697157661711790e-01
1.067500000000000071e+01 1.374726644194037117e+00
1.072500000000000142e+01 1.515705841270685861e+00
1.077500000000000036e+01 1.327564773162473788e+00
1.082500000000000107e+01 1.401580337861693559e+00
1.087500000000000000e+01 1.410086845460690075e+00
1.092500000000000071e+01 1.354869750237505777e+00
1.097500000000000142e+01 1.279620673454415103e+00
1.102500000000000036e+01 1.496703511781236395e+00
1.107500000000000107e+01 1.339017864139484315e+00
1.112500000000000000e+01 1.490332978162822286e+00
1.117500000000000071e+01 9.914287616846843010e-01
1.122500000000000142e+01 1.183150021878889069e+00
1.127500000000000036e+01 1.212431591807131559e+00
1.132500000000000107e+01 1.418458360775810778e+00
1.137500000000000000e+01 1.386487826160400338e+00
1.142500000000000071e+01 1.296949045709264503e+00
1.147500000000000142e+01 1.381616918644469338e+00
1.152500000000000036e+01 1.255517030578458648e+00
1.157500000000000107e+01 1.244693675220512441e+00
1.162500000000000000e+01 1.495769303298355224e+00
1.167500000000000071e+01 1.520059654149344297e+00
1.172500000000000142e+01 1.304948010741886932e+00
1.177500000000000036e+01 1.421455736189326968e+00
1.182500000000000107e+01 1.626300462254419044e+00
1.187500000000000000e+01 1.612634152576931434e+00
1.192500000000000071e+01 2.025576554576867583e+00
1.197500000000000142e+01 1.920596109098210880e+00
