# r(Angstrom)   g(r)    C-Pb
2.500000000000000139e-02 0.000000000000000000e+00
7.500000000000001110e-02 0.000000000000000000e+00
1.250000000000000000e-01 0.000000000000000000e+00
1.750000000000000167e-01 0.000000000000000000e+00
2.250000000000000056e-01 0.000000000000000000e+00
2.750000000000000222e-01 0.000000000000000000e+00
3.250000000000000666e-01 0.000000000000000000e+00
3.750000000000000000e-01 0.000000000000000000e+00
4.250000000000000444e-01 0.000000000000000000e+00
4.749999999999999778e-01 0.000000000000000000e+00
5.250000000000000222e-01 0.000000000000000000e+00
5.750000000000000666e-01 0.000000000000000000e+00
6.250000000000000000e-01 0.000000000000000000e+00
6.750000000000000444e-01 0.000000000000000000e+00
7.250000000000000888e-01 0.000000000000000000e+00
7.750000000000000222e-01 0.000000000000000000e+00
8.250000000000000666e-01 0.000000000000000000e+00
8.750000000000000000e-01 0.000000000000000000e+00
9.250000000000000444e-01 0.000000000000000000e+00
9.750000000000000888e-01 0.000000000000000000e+00
1.024999999999999911e+00 0.000000000000000000e+00
1.075000000000000178e+00 0.000000000000000000e+00
1.125000000000000000e+00 0.000000000000000000e+00
1.175000000000000266e+00 0.000000000000000000e+00
1.225000000000000089e+00 0.000000000000000000e+00
1.274999999999999911e+00 0.000000000000000000e+00
1.325000000000000178e+00 0.000000000000000000e+00
1.375000000000000000e+00 0.000000000000000000e+00
1.425000000000000266e+00 0.000000000000000000e+00
1.475000000000000089e+00 0.000000000000000000e+00
1.524999999999999911e+00 0.000000000000000000e+00
1.575000000000000178e+00 0.000000000000000000e+00
1.625000000000000000e+00 0.000000000000000000e+00
1.675000000000000266e+00 0.000000000000000000e+00
1.725000000000000089e+00 0.000000000000000000e+00
1.774999999999999911e+00 0.000000000000000000e+00
1.825000000000000178e+00 0.000000000000000000e+00
1.875000000000000000e+00 0.000000000000000000e+00
1.925000000000000266e+00 0.000000000000000000e+00
1.975000000000000089e+00 0.000000000000000000e+00
2.025000000000000355e+00 0.000000000000000000e+00
2.075000000000000178e+00 0.000000000000000000e+00
2.125000000000000000e+00 0.000000000000000000e+00
2.174999999999999822e+00 0.000000000000000000e+00
2.225000000000000089e+00 0.000000000000000000e+00
2.275000000000000355e+00 0.000000000000000000e+00
2.325000000000000178e+00 0.000000000000000000e+00
2.375000000000000000e+00 0.000000000000000000e+00
2.425000000000000266e+00 0.000000000000000000e+00
2.475000000000000089e+00 0.000000000000000000e+00
2.525000000000000355e+00 0.000000000000000000e+00
2.575000000000000178e+00 0.000000000000000000e+00
2.625000000000000000e+00 0.000000000000000000e+00
2.675000000000000266e+00 0.000000000000000000e+00
2.725000000000000089e+00 0.000000000000000000e+00
2.775000000000000355e+00 0.000000000000000000e+00
2.825000000000000178e+00 0.000000000000000000e+00
2.875000000000000000e+00 0.000000000000000000e+00
2.925000000000000266e+00 0.000000000000000000e+00
2.975000000000000089e+00 0.000000000000000000e+00
3.025000000000000355e+00 0.000000000000000000e+00
3.075000000000000178e+00 0.000000000000000000e+00
3.125000000000000000e+00 0.000000000000000000e+00
3.175000000000000266e+00 0.000000000000000000e+00
3.225000000000000089e+00 0.000000000000000000e+00
3.275000000000000355e+00 0.000000000000000000e+00
3.325000000000000178e+00 0.000000000000000000e+00
3.375000000000000000e+00 0.000000000000000000e+00
3.425000000000000266e+00 0.000000000000000000e+00
3.475000000000000089e+00 0.000000000000000000e+00
3.525000000000000355e+00 0.000000000000000000e+00
3.575000000000000178e+00 0.000000000000000000e+00
3.625000000000000000e+00 0.000000000000000000e+00
3.675000000000000266e+00 0.000000000000000000e+00
3.725000000000000089e+00 0.000000000000000000e+00
3.775000000000000355e+00 0.000000000000000000e+00
3.825000000000000178e+00 0.000000000000000000e+00
3.875000000000000000e+00 0.000000000000000000e+00
3.925000000000000266e+00 0.000000000000000000e+00
3.975000000000000089e+00 0.000000000000000000e+00
4.025000000000000355e+00 0.000000000000000000e+00
4.075000000000000178e+00 0.000000000000000000e+00
4.125000000000000000e+00 0.000000000000000000e+00
4.175000000000000711e+00 0.000000000000000000e+00
4.224999999999999645e+00 0.000000000000000000e+00
4.275000000000000355e+00 0.000000000000000000e+00
4.325000000000000178e+00 0.000000000000000000e+00
4.375000000000000000e+00 0.000000000000000000e+00
4.425000000000000711e+00 0.000000000000000000e+00
4.474999999999999645e+00 0.000000000000000000e+00
4.525000000000000355e+00 0.000000000000000000e+00
4.575000000000000178e+00 0.000000000000000000e+00
4.625000000000000000e+00 0.000000000000000000e+00
4.675000000000000711e+00 0.000000000000000000e+00
4.724999999999999645e+00 0.000000000000000000e+00
4.775000000000000355e+00 9.234837456697085611e-03
4.825000000000001066e+00 0.000000000000000000e+00
4.875000000000000000e+00 0.000000000000000000e+00
4.925000000000000711e+00 0.000000000000000000e+00
4.974999999999999645e+00 8.507268699797780609e-03
5.025000000000000355e+00 0.000000000000000000e+00
5.075000000000001066e+00 1.635062527276627889e-02
5.125000000000000000e+00 3.206629495259279150e-02
5.175000000000000711e+00 7.076172290115000096e-02
5.224999999999999645e+00 3.085063186748797023e-02
5.275000000000000355e+00 8.323854524211853068e-02
5.325000000000001066e+00 9.653413581817463229e-02
5.375000000000000000e+00 8.017013078484049038e-02
5.425000000000000711e+00 1.502438525556121229e-01
5.474999999999999645e+00 2.037073543111991569e-01
5.525000000000000355e+00 1.586500755101377114e-01
5.575000000000001066e+00 2.642116287759091464e-01
5.625000000000000000e+00 3.194282337519904202e-01
5.675000000000000711e+00 2.484442966026432498e-01
5.724999999999999645e+00 4.753986597416625659e-01
5.775000000000000355e+00 4.672023359311108792e-01
5.825000000000001066e+00 5.523005256057605949e-01
5.875000000000000000e+00 6.344464211081909388e-01
5.925000000000000711e+00 6.057899483210806846e-01
5.974999999999999645e+00 7.549385313028358357e-01
6.025000000000000355e+00 9.512775091260781135e-01
6.075000000000001066e+00 8.558077573081067646e-01
6.125000000000000000e+00 9.373069756769305538e-01
6.175000000000000711e+00 1.120984782514082623e+00
6.224999999999999645e+00 1.048712002257371267e+00
6.275000000000000355e+00 1.139015990561530467e+00
6.325000000000001066e+00 1.194765055036999923e+00
6.375000000000000000e+00 1.222726639587357500e+00
6.425000000000000711e+00 1.224172901803633140e+00
6.474999999999999645e+00 1.330896080935860315e+00
6.525000000000000355e+00 1.181992496701820272e+00
6.575000000000001066e+00 1.436839916678769535e+00
6.625000000000000000e+00 1.309690858554101611e+00
6.675000000000000711e+00 1.346853208166109761e+00
6.724999999999999645e+00 1.340867565439663345e+00
6.775000000000000355e+00 1.252339424287585157e+00
6.825000000000001066e+00 1.166252071030554172e+00
6.875000000000000000e+00 1.363182753957651094e+00
6.925000000000000711e+00 1.466509904530212127e+00
6.974999999999999645e+00 1.172894589915897123e+00
7.025000000000000355e+00 1.343990005413570943e+00
7.075000000000001066e+00 1.266169289018282518e+00
7.125000000000000000e+00 1.074257069256679298e+00
7.175000000000000711e+00 1.120688641676317321e+00
7.224999999999999645e+00 1.161702776839067530e+00
7.275000000000000355e+00 1.034393109692797852e+00
7.325000000000001066e+00 1.102730410337600109e+00
7.375000000000000000e+00 1.083957599208725364e+00
7.425000000000000711e+00 9.815638198035342432e-01
7.474999999999999645e+00 1.190811568779750917e+00
7.525000000000000355e+00 9.891154966904892598e-01
7.575000000000001066e+00 1.045822508692181740e+00
7.625000000000000000e+00 1.090097187625748587e+00
7.675000000000000711e+00 8.972126600481907799e-01
7.724999999999999645e+00 8.856358841634116574e-01
7.775000000000000355e+00 8.986640936076679687e-01
7.825000000000001066e+00 9.181657049589556641e-01
7.875000000000000000e+00 8.318470414129496282e-01
7.925000000000000711e+00 9.219612908101800786e-01
7.974999999999999645e+00 9.700291608107748376e-01
8.025000000000000355e+00 9.122055117700416105e-01
8.074999999999999289e+00 8.944854803353141648e-01
8.125000000000000000e+00 1.011093057043168209e+00
8.175000000000000711e+00 8.853386402285102763e-01
8.225000000000001421e+00 8.932822859576021735e-01
8.275000000000000355e+00 8.702200497220565767e-01
8.324999999999999289e+00 8.780273189080953777e-01
8.375000000000000000e+00 8.765807030448942161e-01
8.425000000000000711e+00 9.166369534578675538e-01
8.475000000000001421e+00 9.703475109123153031e-01
8.525000000000000355e+00 7.909565058213332556e-01
8.574999999999999289e+00 7.588507398026336226e-01
8.625000000000000000e+00 9.255679436582641140e-01
8.675000000000000711e+00 7.946175389877146999e-01
8.725000000000001421e+00 8.048981051869757986e-01
8.775000000000000355e+00 9.379478032150319056e-01
8.824999999999999289e+00 8.705731280072038780e-01
8.875000000000000000e+00 8.821776354530592723e-01
8.925000000000000711e+00 8.511738293299927482e-01
8.975000000000001421e+00 9.436634624370103808e-01
9.025000000000000355e+00 7.703723874372181424e-01
9.074999999999999289e+00 9.076407015968137593e-01
9.125000000000000000e+00 9.053076069582620677e-01
9.175000000000000711e+00 8.054204027457416704e-01
9.225000000000001421e+00 8.140330934649819827e-01
9.275000000000000355e+00 8.640239738198727260e-01
9.324999999999999289e+00 7.869816668148281735e-01
9.375000000000000000e+00 8.025668192895676345e-01
9.425000000000000711e+00 8.604445032967742435e-01
9.475000000000001421e+00 7.200437850700193154e-01
9.525000000000000355e+00 7.566004755607691479e-01
9.575000000000001066e+00 8.084331008275688069e-01
9.625000000000000000e+00 7.727810073124509183e-01
9.675000000000000711e+00 6.973306522237168181e-01
9.725000000000001421e+00 7.302534927887261995e-01
9.775000000000000355e+00 7.690789482979255576e-01
9.825000000000001066e+00 7.656336927414749693e-01
9.875000000000000000e+00 8.313149082310470339e-01
9.925000000000000711e+00 7.973093521910953330e-01
9.975000000000001421e+00 7.808715927324394457e-01
1.002500000000000036e+01 7.563407761347009650e-01
1.007500000000000107e+01 7.861912116739546708e-01
1.012500000000000000e+01 7.763916023762119645e-01
1.017500000000000071e+01 7.708137907416463541e-01
1.022500000000000142e+01 8.035730679129492460e-01
1.027500000000000036e+01 7.339445947714453578e-01
1.032500000000000107e+01 8.078343473226937688e-01
1.037500000000000000e+01 7.785490813258194587e-01
1.042500000000000071e+01 7.246004813951015811e-01
1.047500000000000142e+01 7.311324566205050779e-01
1.052500000000000036e+01 7.299047239442452151e-01
1.057500000000000107e+01 7.832704551034583851e-01
1.062500000000000000e+01 6.696004633334461387e-01
1.067500000000000071e+01 7.187750868165060369e-01
1.072500000000000142e+01 6.608331022931371868e-01
1.077500000000000036e+01 7.200043920020521293e-01
1.082500000000000107e+01 6.900087817165262427e-01
1.087500000000000000e+01 7.103846607813324443e-01
1.092500000000000071e+01 6.791990284393746302e-01
1.097500000000000142e+01 6.887575756025129392e-01
1.102500000000000036e+01 7.414225729657050179e-01
1.107500000000000107e+01 7.175762400132108532e-01
1.112500000000000000e+01 7.060367419378666964e-01
1.117500000000000071e+01 6.811857478241709618e-01
1.122500000000000142e+01 7.169086996978014659e-01
1.127500000000000036e+01 7.271276896220366659e-01
1.132500000000000107e+01 8.126584358611417258e-01
1.137500000000000000e+01 7.697285701571237038e-01
1.142500000000000071e+01 8.113997139200995745e-01
1.147500000000000142e+01 8.779024170553400008e-01
1.152500000000000036e+01 9.067622998622202335e-01
1.157500000000000107e+01 9.052317637967363106e-01
1.162500000000000000e+01 9.286234424643955432e-01
1.167500000000000071e+01 9.716641488414001770e-01
1.172500000000000142e+01 1.104304595944718859e+00
1.177500000000000036e+01 1.087352892213202971e+00
1.182500000000000107e+01 1.052577799181332319e+00
1.187500000000000000e+01 1.196036996494557636e+00
1.192500000000000071e+01 1.203796592741954274e+00
1.197500000000000142e+01 1.252498838731478603e+00
