# r(Angstrom)   g(r)    C-I
2.500000000000000139e-02 0.000000000000000000e+00
7.500000000000001110e-02 0.000000000000000000e+00
1.250000000000000000e-01 0.000000000000000000e+00
1.750000000000000167e-01 0.000000000000000000e+00
2.250000000000000056e-01 0.000000000000000000e+00
2.750000000000000222e-01 0.000000000000000000e+00
3.250000000000000666e-01 0.000000000000000000e+00
3.750000000000000000e-01 0.000000000000000000e+00
4.250000000000000444e-01 0.000000000000000000e+00
4.749999999999999778e-01 0.000000000000000000e+00
5.250000000000000222e-01 0.000000000000000000e+00
5.750000000000000666e-01 0.000000000000000000e+00
6.250000000000000000e-01 0.000000000000000000e+00
6.750000000000000444e-01 0.000000000000000000e+00
7.250000000000000888e-01 0.000000000000000000e+00
7.750000000000000222e-01 0.000000000000000000e+00
8.250000000000000666e-01 0.000000000000000000e+00
8.750000000000000000e-01 0.000000000000000000e+00
9.250000000000000444e-01 0.000000000000000000e+00
9.750000000000000888e-01 0.000000000000000000e+00
1.024999999999999911e+00 0.000000000000000000e+00
1.075000000000000178e+00 0.000000000000000000e+00
1.125000000000000000e+00 0.000000000000000000e+00
1.175000000000000266e+00 0.000000000000000000e+00
1.225000000000000089e+00 0.000000000000000000e+00
1.274999999999999911e+00 0.000000000000000000e+00
1.325000000000000178e+00 0.000000000000000000e+00
1.375000000000000000e+00 0.000000000000000000e+00
1.425000000000000266e+00 0.000000000000000000e+00
1.475000000000000089e+00 0.000000000000000000e+00
1.524999999999999911e+00 0.000000000000000000e+00
1.575000000000000178e+00 0.000000000000000000e+00
1.625000000000000000e+00 0.000000000000000000e+00
1.675000000000000266e+00 0.000000000000000000e+00
1.725000000000000089e+00 0.000000000000000000e+00
1.774999999999999911e+00 0.000000000000000000e+00
1.825000000000000178e+00 0.000000000000000000e+00
1.875000000000000000e+00 0.000000000000000000e+00
1.925000000000000266e+00 0.000000000000000000e+00
1.975000000000000089e+00 0.000000000000000000e+00
2.025000000000000355e+00 0.000000000000000000e+00
2.075000000000000178e+00 0.000000000000000000e+00
2.125000000000000000e+00 0.000000000000000000e+00
2.174999999999999822e+00 0.000000000000000000e+00
2.225000000000000089e+00 0.000000000000000000e+00
2.275000000000000355e+00 0.000000000000000000e+00
2.325000000000000178e+00 0.000000000000000000e+00
2.375000000000000000e+00 0.000000000000000000e+00
2.425000000000000266e+00 0.000000000000000000e+00
2.475000000000000089e+00 0.000000000000000000e+00
2.525000000000000355e+00 0.000000000000000000e+00
2.575000000000000178e+00 0.000000000000000000e+00
2.625000000000000000e+00 0.000000000000000000e+00
2.675000000000000266e+00 0.000000000000000000e+00
2.725000000000000089e+00 0.000000000000000000e+00
2.775000000000000355e+00 0.000000000000000000e+00
2.825000000000000178e+00 0.000000000000000000e+00
2.875000000000000000e+00 0.000000000000000000e+00
2.925000000000000266e+00 0.000000000000000000e+00
2.975000000000000089e+00 0.000000000000000000e+00
3.025000000000000355e+00 0.000000000000000000e+00
3.075000000000000178e+00 0.000000000000000000e+00
3.125000000000000000e+00 0.000000000000000000e+00
3.175000000000000266e+00 0.000000000000000000e+00
3.225000000000000089e+00 1.349648199410807478e-02
3.275000000000000355e+00 6.543764733449646161e-03
3.325000000000000178e+00 3.174221598109271125e-02
3.375000000000000000e+00 4.313216557097192955e-02
3.425000000000000266e+00 1.256461400560383301e-01
3.475000000000000089e+00 1.511175690421652784e-01
3.525000000000000355e+00 2.880735423577067134e-01
3.575000000000000178e+00 3.953957947228686765e-01
3.625000000000000000e+00 4.486576735541490391e-01
3.675000000000000266e+00 5.248784095950740358e-01
3.725000000000000089e+00 6.019308576195734339e-01
3.775000000000000355e+00 6.747439936927415172e-01
3.825000000000000178e+00 6.236386321666624877e-01
3.875000000000000000e+00 7.245043211085919754e-01
3.925000000000000266e+00 7.380546834665164813e-01
3.975000000000000089e+00 6.440902591220676321e-01
4.025000000000000355e+00 8.058130772319858082e-01
4.075000000000000178e+00 7.481200818742762548e-01
4.125000000000000000e+00 7.507180983853302125e-01
4.175000000000000711e+00 7.167382352819802183e-01
4.224999999999999645e+00 7.667165490605059031e-01
4.275000000000000355e+00 8.026529724957522927e-01
4.325000000000000178e+00 7.579368632162161168e-01
4.375000000000000000e+00 7.187104355134886768e-01
4.425000000000000711e+00 6.344549887861848925e-01
4.474999999999999645e+00 7.710646704061778767e-01
4.525000000000000355e+00 7.232685658529487416e-01
4.575000000000000178e+00 7.511388413452051438e-01
4.625000000000000000e+00 6.660810146284976696e-01
4.675000000000000711e+00 8.060557351943453686e-01
4.724999999999999645e+00 8.519622143490970245e-01
4.775000000000000355e+00 7.788046255147873520e-01
4.825000000000001066e+00 7.778214317260865318e-01
4.875000000000000000e+00 8.269203985968923698e-01
4.925000000000000711e+00 8.102155099317964737e-01
4.974999999999999645e+00 8.422196012799800791e-01
5.025000000000000355e+00 8.311017448065989299e-01
5.075000000000001066e+00 8.693082436687403769e-01
5.125000000000000000e+00 9.299225536251907176e-01
5.175000000000000711e+00 9.094191795073720552e-01
5.224999999999999645e+00 9.640822458589989319e-01
5.275000000000000355e+00 8.449973532154453348e-01
5.325000000000001066e+00 9.133614388950366259e-01
5.375000000000000000e+00 9.547533757103727758e-01
5.425000000000000711e+00 9.324658150673703627e-01
5.474999999999999645e+00 8.382440556713710578e-01
5.525000000000000355e+00 9.404040707774828922e-01
5.575000000000001066e+00 9.281280292897319262e-01
5.625000000000000000e+00 8.784276428179734753e-01
5.675000000000000711e+00 9.000657412008038483e-01
5.724999999999999645e+00 9.186757884196992130e-01
5.775000000000000355e+00 9.407182169423717877e-01
5.825000000000001066e+00 8.667188023551073428e-01
5.875000000000000000e+00 9.598035601380323634e-01
5.925000000000000711e+00 9.776610057062983250e-01
5.974999999999999645e+00 8.532378192328924360e-01
6.025000000000000355e+00 9.222751460429658987e-01
6.075000000000001066e+00 8.215754470157823341e-01
6.125000000000000000e+00 9.429195922977503530e-01
6.175000000000000711e+00 9.682068893307180790e-01
6.224999999999999645e+00 9.744508760180754514e-01
6.275000000000000355e+00 8.965963118191700998e-01
6.325000000000001066e+00 1.003532469135336225e+00
6.375000000000000000e+00 9.308610999118440699e-01
6.425000000000000711e+00 1.033746005967512316e+00
6.474999999999999645e+00 9.709682099909420216e-01
6.525000000000000355e+00 1.046813438501611904e+00
6.575000000000001066e+00 9.903642363548580407e-01
6.625000000000000000e+00 1.033040652778937085e+00
6.675000000000000711e+00 9.987192210260976699e-01
6.724999999999999645e+00 9.994429538693784254e-01
6.775000000000000355e+00 1.059671820551033372e+00
6.825000000000001066e+00 1.042695650068660829e+00
6.875000000000000000e+00 1.060253253078172753e+00
6.925000000000000711e+00 1.056706737595621837e+00
6.974999999999999645e+00 9.391812767961240649e-01
7.025000000000000355e+00 1.086569697498378950e+00
7.075000000000001066e+00 1.104918493628357146e+00
7.125000000000000000e+00 1.034162532566275328e+00
7.175000000000000711e+00 1.082514332714106686e+00
7.224999999999999645e+00 9.990106055456332568e-01
7.275000000000000355e+00 1.029088529643091166e+00
7.325000000000001066e+00 1.030784772652465930e+00
7.375000000000000000e+00 1.033630996388320122e+00
7.425000000000000711e+00 9.955679728746610335e-01
7.474999999999999645e+00 1.036307536121618522e+00
7.525000000000000355e+00 1.043653193249864497e+00
7.575000000000001066e+00 1.044599324471488844e+00
7.625000000000000000e+00 1.011629505238512916e+00
7.675000000000000711e+00 1.046152344651143817e+00
7.724999999999999645e+00 1.079699524119537513e+00
7.775000000000000355e+00 1.072823801671169308e+00
7.825000000000001066e+00 1.075205282461298761e+00
7.875000000000000000e+00 1.102338800457432377e+00
7.925000000000000711e+00 1.030361588032710163e+00
7.974999999999999645e+00 1.046174794594555646e+00
8.025000000000000355e+00 1.097480227422259924e+00
8.074999999999999289e+00 1.038722609534991737e+00
8.125000000000000000e+00 1.018535382384179622e+00
8.175000000000000711e+00 1.111136751318818172e+00
8.225000000000001421e+00 1.068618762527677069e+00
8.275000000000000355e+00 1.042419070161756611e+00
8.324999999999999289e+00 9.782864937315109977e-01
8.375000000000000000e+00 1.006666880437401268e+00
8.425000000000000711e+00 1.059027159820254527e+00
8.475000000000001421e+00 9.781650135178524552e-01
8.525000000000000355e+00 1.046882603553510593e+00
8.574999999999999289e+00 1.067163681885967552e+00
8.625000000000000000e+00 1.038787263983433906e+00
8.675000000000000711e+00 1.065085950145504778e+00
8.725000000000001421e+00 1.083339374106181419e+00
8.775000000000000355e+00 1.050064012928781931e+00
8.824999999999999289e+00 1.045408725143226025e+00
8.875000000000000000e+00 1.127226978634464416e+00
8.925000000000000711e+00 1.055596529541750650e+00
8.975000000000001421e+00 1.045610484694748266e+00
9.025000000000000355e+00 1.081451170283790564e+00
9.074999999999999289e+00 1.111327206462201733e+00
9.125000000000000000e+00 1.115197359409479061e+00
9.175000000000000711e+00 1.014696304494376200e+00
9.225000000000001421e+00 1.134037997481611049e+00
9.275000000000000355e+00 1.106342312086635804e+00
9.324999999999999289e+00 1.098545690805108554e+00
9.375000000000000000e+00 1.022973229363120184e+00
9.425000000000000711e+00 1.111703779741562093e+00
9.475000000000001421e+00 1.107819808299910225e+00
9.525000000000000355e+00 1.084615405660734444e+00
9.575000000000001066e+00 1.095518719019176856e+00
9.625000000000000000e+00 1.029617047978059530e+00
9.675000000000000711e+00 1.086486145238887424e+00
9.725000000000001421e+00 1.062726627716926719e+00
9.775000000000000355e+00 1.089344871371369150e+00
9.825000000000001066e+00 1.060108189949734436e+00
9.875000000000000000e+00 1.055877896428524476e+00
9.925000000000000711e+00 1.107967866539010693e+00
9.975000000000001421e+00 1.075726448886151765e+00
1.002500000000000036e+01 1.041976397038756996e+00
1.007500000000000107e+01 1.039957416321572348e+00
1.012500000000000000e+01 1.016703288825991702e+00
1.017500000000000071e+01 1.054869180645559901e+00
1.022500000000000142e+01 1.043235210974705840e+00
1.027500000000000036e+01 1.017151476449557279e+00
1.032500000000000107e+01 1.024441927004165809e+00
1.037500000000000000e+01 1.044585953336652162e+00
1.042500000000000071e+01 1.076567738400743268e+00
1.047500000000000142e+01 1.017700558602995020e+00
1.052500000000000036e+01 1.038466877208869432e+00
1.057500000000000107e+01 1.012979578955914617e+00
1.062500000000000000e+01 1.069992940944160198e+00
1.067500000000000071e+01 1.021806228816266815e+00
1.072500000000000142e+01 9.915547472080774583e-01
1.077500000000000036e+01 1.050686509907276633e+00
1.082500000000000107e+01 1.000273147106422345e+00
1.087500000000000000e+01 9.946572192727761719e-01
1.092500000000000071e+01 1.001451035006281298e+00
1.097500000000000142e+01 1.012741680539058775e+00
1.102500000000000036e+01 9.781696562335701062e-01
1.107500000000000107e+01 9.590572394434938586e-01
1.112500000000000000e+01 9.776765808039213912e-01
1.117500000000000071e+01 9.976111405840785151e-01
1.122500000000000142e+01 1.024394016118303385e+00
1.127500000000000036e+01 9.744725680963511882e-01
1.132500000000000107e+01 1.020064191545567489e+00
1.137500000000000000e+01 9.888760982356845641e-01
1.142500000000000071e+01 1.025407060600152187e+00
1.147500000000000142e+01 9.626543808147806081e-01
1.152500000000000036e+01 1.016144465405040220e+00
1.157500000000000107e+01 1.049293531762073295e+00
1.162500000000000000e+01 9.930246208008524089e-01
1.167500000000000071e+01 9.804178799120432108e-01
1.172500000000000142e+01 1.018533365191730766e+00
1.177500000000000036e+01 1.088365325073736622e+00
1.182500000000000107e+01 1.098756701195963803e+00
1.187500000000000000e+01 1.077578068002795098e+00
1.192500000000000071e+01 1.105577846552676213e+00
1.197500000000000142e+01 1.111537656412343589e+00
