# r(Angstrom)   g(r)    S-I
2.500000000000000139e-02 0.000000000000000000e+00
7.500000000000001110e-02 0.000000000000000000e+00
1.250000000000000000e-01 0.000000000000000000e+00
1.750000000000000167e-01 0.000000000000000000e+00
2.250000000000000056e-01 0.000000000000000000e+00
2.750000000000000222e-01 0.000000000000000000e+00
3.250000000000000666e-01 0.000000000000000000e+00
3.750000000000000000e-01 0.000000000000000000e+00
4.250000000000000444e-01 0.000000000000000000e+00
4.749999999999999778e-01 0.000000000000000000e+00
5.250000000000000222e-01 0.000000000000000000e+00
5.750000000000000666e-01 0.000000000000000000e+00
6.250000000000000000e-01 0.000000000000000000e+00
6.750000000000000444e-01 0.000000000000000000e+00
7.250000000000000888e-01 0.000000000000000000e+00
7.750000000000000222e-01 0.000000000000000000e+00
8.250000000000000666e-01 0.000000000000000000e+00
8.750000000000000000e-01 0.000000000000000000e+00
9.250000000000000444e-01 0.000000000000000000e+00
9.750000000000000888e-01 0.000000000000000000e+00
1.024999999999999911e+00 0.000000000000000000e+00
1.075000000000000178e+00 0.000000000000000000e+00
1.125000000000000000e+00 0.000000000000000000e+00
1.175000000000000266e+00 0.000000000000000000e+00
1.225000000000000089e+00 0.000000000000000000e+00
1.274999999999999911e+00 0.000000000000000000e+00
1.325000000000000178e+00 0.000000000000000000e+00
1.375000000000000000e+00 0.000000000000000000e+00
1.425000000000000266e+00 0.000000000000000000e+00
1.475000000000000089e+00 0.000000000000000000e+00
1.524999999999999911e+00 0.000000000000000000e+00
1.575000000000000178e+00 0.000000000000000000e+00
1.625000000000000000e+00 0.000000000000000000e+00
1.675000000000000266e+00 0.000000000000000000e+00
1.725000000000000089e+00 0.000000000000000000e+00
1.774999999999999911e+00 0.000000000000000000e+00
1.825000000000000178e+00 0.000000000000000000e+00
1.875000000000000000e+00 0.000000000000000000e+00
1.925000000000000266e+00 0.000000000000000000e+00
1.975000000000000089e+00 0.000000000000000000e+00
2.025000000000000355e+00 0.000000000000000000e+00
2.075000000000000178e+00 0.000000000000000000e+00
2.125000000000000000e+00 0.000000000000000000e+00
2.174999999999999822e+00 0.000000000000000000e+00
2.225000000000000089e+00 0.000000000000000000e+00
2.275000000000000355e+00 0.000000000000000000e+00
2.325000000000000178e+00 0.000000000000000000e+00
2.375000000000000000e+00 0.000000000000000000e+00
2.425000000000000266e+00 0.000000000000000000e+00
2.475000000000000089e+00 0.000000000000000000e+00
2.525000000000000355e+00 0.000000000000000000e+00
2.575000000000000178e+00 0.000000000000000000e+00
2.625000000000000000e+00 0.000000000000000000e+00
2.675000000000000266e+00 0.000000000000000000e+00
2.725000000000000089e+00 0.000000000000000000e+00
2.775000000000000355e+00 0.000000000000000000e+00
2.825000000000000178e+00 0.000000000000000000e+00
2.875000000000000000e+00 0.000000000000000000e+00
2.925000000000000266e+00 0.000000000000000000e+00
2.975000000000000089e+00 0.000000000000000000e+00
3.025000000000000355e+00 0.000000000000000000e+00
3.075000000000000178e+00 0.000000000000000000e+00
3.125000000000000000e+00 0.000000000000000000e+00
3.175000000000000266e+00 0.000000000000000000e+00
3.225000000000000089e+00 0.000000000000000000e+00
3.275000000000000355e+00 0.000000000000000000e+00
3.325000000000000178e+00 0.000000000000000000e+00
3.375000000000000000e+00 0.000000000000000000e+00
3.425000000000000266e+00 1.435955886354723932e-01
3.475000000000000089e+00 0.000000000000000000e+00
3.525000000000000355e+00 0.000000000000000000e+00
3.575000000000000178e+00 6.589929912047812199e-02
3.625000000000000000e+00 6.409395336487844208e-02
3.675000000000000266e+00 0.000000000000000000e+00
3.725000000000000089e+00 3.034945500602891366e-01
3.775000000000000355e+00 1.773049910433481258e-01
3.825000000000000178e+00 2.878332148461519302e-01
3.875000000000000000e+00 5.609065711808455257e-01
3.925000000000000266e+00 4.920364556443443949e-01
3.975000000000000089e+00 5.330402144458490366e-01
4.025000000000000355e+00 4.159035237326377810e-01
4.075000000000000178e+00 8.622400943635726289e-01
4.125000000000000000e+00 6.434726557588544837e-01
4.175000000000000711e+00 8.214303370647413338e-01
4.224999999999999645e+00 4.718255686526189874e-01
4.275000000000000355e+00 1.059962777075730056e+00
4.325000000000000178e+00 1.035596902216216142e+00
4.375000000000000000e+00 9.680589539569439683e-01
4.425000000000000711e+00 1.376444721434435081e+00
4.474999999999999645e+00 8.411614586249213099e-01
4.525000000000000355e+00 7.815413886941817712e-01
4.575000000000000178e+00 8.852707772997061575e-01
4.625000000000000000e+00 1.181227415104725065e+00
4.675000000000000711e+00 6.936575251074844628e-01
4.724999999999999645e+00 1.094032659016552556e+00
4.775000000000000355e+00 1.108180494803649996e+00
4.825000000000001066e+00 9.044435252628914013e-01
4.875000000000000000e+00 8.505466956996606820e-01
4.925000000000000711e+00 1.215323264897694822e+00
4.974999999999999645e+00 1.088930393574115696e+00
5.025000000000000355e+00 8.005260953321086115e-01
5.075000000000001066e+00 6.540250109106510168e-01
5.125000000000000000e+00 8.016573738148196071e-01
5.175000000000000711e+00 6.604427470773999165e-01
5.224999999999999645e+00 5.861620054822713755e-01
5.275000000000000355e+00 6.659083619369480234e-01
5.325000000000001066e+00 5.940562204195359852e-01
5.375000000000000000e+00 9.620415694180856070e-01
5.425000000000000711e+00 4.865039035134105516e-01
5.474999999999999645e+00 6.743415866853488261e-01
5.525000000000000355e+00 7.449655719606466109e-01
5.575000000000001066e+00 5.148739432556177498e-01
5.625000000000000000e+00 6.920945064626458088e-01
5.675000000000000711e+00 4.968885932052863885e-01
5.724999999999999645e+00 5.396417218689142370e-01
5.775000000000000355e+00 4.798294260914111042e-01
5.825000000000001066e+00 5.460949017225498192e-01
5.875000000000000000e+00 7.320535628171432885e-01
5.925000000000000711e+00 5.518086657974199394e-01
5.974999999999999645e+00 7.549385313028358357e-01
6.025000000000000355e+00 6.496529330617119014e-01
6.075000000000001066e+00 7.987539068208995285e-01
6.125000000000000000e+00 8.082167933980718422e-01
6.175000000000000711e+00 8.835348039519861363e-01
6.224999999999999645e+00 6.737838770980002501e-01
6.275000000000000355e+00 8.983788094569816751e-01
6.325000000000001066e+00 1.073709564879065992e+00
6.375000000000000000e+00 8.289672132795642412e-01
6.425000000000000711e+00 8.977267946559975842e-01
6.474999999999999645e+00 7.232039081311845141e-01
6.525000000000000355e+00 7.517274456011574513e-01
6.575000000000001066e+00 9.741287570703520693e-01
6.625000000000000000e+00 7.100155570183407372e-01
6.675000000000000711e+00 1.058579363611258151e+00
6.724999999999999645e+00 8.566653890308959518e-01
6.775000000000000355e+00 1.009211257667650852e+00
6.825000000000001066e+00 7.775013806870361144e-01
6.875000000000000000e+00 1.051343561875835331e+00
6.925000000000000711e+00 1.246972493672395821e+00
6.974999999999999645e+00 1.021413738819747952e+00
7.025000000000000355e+00 7.850608285590382485e-01
7.075000000000001066e+00 9.759178573164170034e-01
7.125000000000000000e+00 7.631787673483744205e-01
7.175000000000000711e+00 1.063427178233001591e+00
7.224999999999999645e+00 1.016489929734184061e+00
7.275000000000000355e+00 8.593419680524780890e-01
7.325000000000001066e+00 9.732282625043587876e-01
7.375000000000000000e+00 1.022017164968226588e+00
7.425000000000000711e+00 8.708037000591664079e-01
7.474999999999999645e+00 9.496345421914469398e-01
7.525000000000000355e+00 1.070922041529552171e+00
7.575000000000001066e+00 1.012796534733481080e+00
7.625000000000000000e+00 9.995575541020151888e-01
7.675000000000000711e+00 1.229646036081982308e+00
7.724999999999999645e+00 1.044415225945696468e+00
7.775000000000000355e+00 1.072823801671169308e+00
7.825000000000001066e+00 1.292997397245570168e+00
7.875000000000000000e+00 1.195143504397380374e+00
7.925000000000000711e+00 1.153289760140734144e+00
7.974999999999999645e+00 1.258058297297250494e+00
8.025000000000000355e+00 1.425525459253541349e+00
8.074999999999999289e+00 1.459593635781812448e+00
8.125000000000000000e+00 1.326860289368952284e+00
8.175000000000000711e+00 1.209857785935045893e+00
8.225000000000001421e+00 1.207642951050695412e+00
8.275000000000000355e+00 1.193093213046494405e+00
8.324999999999999289e+00 1.057278570865111345e+00
8.375000000000000000e+00 1.284851167476762646e+00
8.425000000000000711e+00 1.234048455140688727e+00
8.475000000000001421e+00 9.850053282976976021e-01
8.525000000000000355e+00 1.158910631240048783e+00
8.574999999999999289e+00 1.042345921842107836e+00
8.625000000000000000e+00 1.018973882926529129e+00
8.675000000000000711e+00 1.085604243405750902e+00
8.725000000000001421e+00 9.957502332210008689e-01
8.775000000000000355e+00 1.071940346531464971e+00
8.824999999999999289e+00 1.005755290741241703e+00
8.875000000000000000e+00 9.623756023124281356e-01
8.925000000000000711e+00 9.621965027208612131e-01
8.975000000000001421e+00 9.410494362252734835e-01
9.025000000000000355e+00 8.686077925466619831e-01
9.074999999999999289e+00 7.670203112085749453e-01
9.125000000000000000e+00 7.788679970478902259e-01
9.175000000000000711e+00 9.404909050695615669e-01
9.225000000000001421e+00 9.006323587272140330e-01
9.275000000000000355e+00 9.888546329269930490e-01
9.324999999999999289e+00 9.201631796604143876e-01
9.375000000000000000e+00 1.149946487340275825e+00
9.425000000000000711e+00 7.585185703993601036e-01
9.475000000000001421e+00 7.880609504349396222e-01
9.525000000000000355e+00 6.869746649263424043e-01
9.575000000000001066e+00 8.911137588667518150e-01
9.625000000000000000e+00 7.545979247874520235e-01
9.675000000000000711e+00 8.008055231988487899e-01
9.725000000000001421e+00 8.371198575870764103e-01
9.775000000000000355e+00 8.462072095885483369e-01
9.825000000000001066e+00 8.376163476146050169e-01
9.875000000000000000e+00 8.896149147823152470e-01
9.925000000000000711e+00 7.438703875670271692e-01
9.975000000000001421e+00 8.972616675299573963e-01
1.002500000000000036e+01 1.047563401848616182e+00
1.007500000000000107e+01 8.795384531655850990e-01
1.012500000000000000e+01 9.283836091906024768e-01
1.017500000000000071e+01 1.000634261332163488e+00
1.022500000000000142e+01 8.539222576318056257e-01
1.027500000000000036e+01 9.573190366584068967e-01
1.032500000000000107e+01 9.164673280140095413e-01
1.037500000000000000e+01 8.841813687418852430e-01
1.042500000000000071e+01 8.214722035067459904e-01
1.047500000000000142e+01 9.748432754940065115e-01
1.052500000000000036e+01 8.743650338915435194e-01
1.057500000000000107e+01 1.212562916073622654e+00
1.062500000000000000e+01 1.051962844902683880e+00
1.067500000000000071e+01 8.795294121456472825e-01
1.072500000000000142e+01 9.885038095243603440e-01
1.077500000000000036e+01 9.503332529195850364e-01
1.082500000000000107e+01 1.056575947003430604e+00
1.087500000000000000e+01 1.011274404320292808e+00
1.092500000000000071e+01 1.086718445502999231e+00
1.097500000000000142e+01 1.062854329863776481e+00
1.102500000000000036e+01 9.978023411874907822e-01
1.107500000000000107e+01 1.256616764807823472e+00
1.112500000000000000e+01 1.224931214928347112e+00
1.117500000000000071e+01 1.187016748683703549e+00
1.122500000000000142e+01 1.102936461073540375e+00
1.127500000000000036e+01 1.013672314461700141e+00
1.132500000000000107e+01 1.273985749956052294e+00
1.137500000000000000e+01 1.145642523024555937e+00
1.142500000000000071e+01 1.142089458161889448e+00
1.147500000000000142e+01 1.049005438230059983e+00
1.152500000000000036e+01 1.128697128499826396e+00
1.157500000000000107e+01 1.049817392736492661e+00
1.162500000000000000e+01 1.003411907629313315e+00
1.167500000000000071e+01 1.204925335606187531e+00
1.172500000000000142e+01 1.200797230541830185e+00
1.177500000000000036e+01 1.123800475192416437e+00
1.182500000000000107e+01 1.186597003941187056e+00
1.187500000000000000e+01 1.110925749552997166e+00
1.192500000000000071e+01 1.249697815835435710e+00
1.197500000000000142e+01 1.180549901922753442e+00
