# r(Angstrom)   g(r)    N-I
2.500000000000000139e-02 0.000000000000000000e+00
7.500000000000001110e-02 0.000000000000000000e+00
1.250000000000000000e-01 0.000000000000000000e+00
1.750000000000000167e-01 0.000000000000000000e+00
2.250000000000000056e-01 0.000000000000000000e+00
2.750000000000000222e-01 0.000000000000000000e+00
3.250000000000000666e-01 0.000000000000000000e+00
3.750000000000000000e-01 0.000000000000000000e+00
4.250000000000000444e-01 0.000000000000000000e+00
4.749999999999999778e-01 0.000000000000000000e+00
5.250000000000000222e-01 0.000000000000000000e+00
5.750000000000000666e-01 0.000000000000000000e+00
6.250000000000000000e-01 0.000000000000000000e+00
6.750000000000000444e-01 0.000000000000000000e+00
7.250000000000000888e-01 0.000000000000000000e+00
7.750000000000000222e-01 0.000000000000000000e+00
8.250000000000000666e-01 0.000000000000000000e+00
8.750000000000000000e-01 0.000000000000000000e+00
9.250000000000000444e-01 0.000000000000000000e+00
9.750000000000000888e-01 0.000000000000000000e+00
1.024999999999999911e+00 0.000000000000000000e+00
1.075000000000000178e+00 0.000000000000000000e+00
1.125000000000000000e+00 0.000000000000000000e+00
1.175000000000000266e+00 0.000000000000000000e+00
1.225000000000000089e+00 0.000000000000000000e+00
1.274999999999999911e+00 0.000000000000000000e+00
1.325000000000000178e+00 0.000000000000000000e+00
1.375000000000000000e+00 0.000000000000000000e+00
1.425000000000000266e+00 0.000000000000000000e+00
1.475000000000000089e+00 0.000000000000000000e+00
1.524999999999999911e+00 0.000000000000000000e+00
1.575000000000000178e+00 0.000000000000000000e+00
1.625000000000000000e+00 0.000000000000000000e+00
1.675000000000000266e+00 0.000000000000000000e+00
1.725000000000000089e+00 0.000000000000000000e+00
1.774999999999999911e+00 0.000000000000000000e+00
1.825000000000000178e+00 0.000000000000000000e+00
1.875000000000000000e+00 0.000000000000000000e+00
1.925000000000000266e+00 0.000000000000000000e+00
1.975000000000000089e+00 0.000000000000000000e+00
2.025000000000000355e+00 0.000000000000000000e+00
2.075000000000000178e+00 0.000000000000000000e+00
2.125000000000000000e+00 0.000000000000000000e+00
2.174999999999999822e+00 0.000000000000000000e+00
2.225000000000000089e+00 0.000000000000000000e+00
2.275000000000000355e+00 0.000000000000000000e+00
2.325000000000000178e+00 0.000000000000000000e+00
2.375000000000000000e+00 0.000000000000000000e+00
2.425000000000000266e+00 0.000000000000000000e+00
2.475000000000000089e+00 0.000000000000000000e+00
2.525000000000000355e+00 0.000000000000000000e+00
2.575000000000000178e+00 0.000000000000000000e+00
2.625000000000000000e+00 0.000000000000000000e+00
2.675000000000000266e+00 0.000000000000000000e+00
2.725000000000000089e+00 0.000000000000000000e+00
2.775000000000000355e+00 0.000000000000000000e+00
2.825000000000000178e+00 0.000000000000000000e+00
2.875000000000000000e+00 0.000000000000000000e+00
2.925000000000000266e+00 0.000000000000000000e+00
2.975000000000000089e+00 0.000000000000000000e+00
3.025000000000000355e+00 0.000000000000000000e+00
3.075000000000000178e+00 0.000000000000000000e+00
3.125000000000000000e+00 0.000000000000000000e+00
3.175000000000000266e+00 0.000000000000000000e+00
3.225000000000000089e+00 0.000000000000000000e+00
3.275000000000000355e+00 0.000000000000000000e+00
3.325000000000000178e+00 0.000000000000000000e+00
3.375000000000000000e+00 0.000000000000000000e+00
3.425000000000000266e+00 7.179779431773619658e-02
3.475000000000000089e+00 6.974657032715320115e-02
3.525000000000000355e+00 0.000000000000000000e+00
3.575000000000000178e+00 6.589929912047812199e-02
3.625000000000000000e+00 1.922818600946353262e-01
3.675000000000000266e+00 6.236179123901869348e-02
3.725000000000000089e+00 3.034945500602891366e-01
3.775000000000000355e+00 1.773049910433481258e-01
3.825000000000000178e+00 3.453998578153822940e-01
3.875000000000000000e+00 5.609065711808455257e-01
3.925000000000000266e+00 4.920364556443443949e-01
3.975000000000000089e+00 2.665201072229245183e-01
4.025000000000000355e+00 4.159035237326377810e-01
4.075000000000000178e+00 3.550400388555887132e-01
4.125000000000000000e+00 7.424684489525243958e-01
4.175000000000000711e+00 4.348748843283924415e-01
4.224999999999999645e+00 7.077383529789285088e-01
4.275000000000000355e+00 9.217067626745479858e-01
4.325000000000000178e+00 9.005190454054052829e-01
4.375000000000000000e+00 8.360509147809971342e-01
4.425000000000000711e+00 7.312362582620436369e-01
4.474999999999999645e+00 8.832195315561673921e-01
4.525000000000000355e+00 1.151745204391425803e+00
4.575000000000000178e+00 7.645520349406552674e-01
4.625000000000000000e+00 1.259975909445040232e+00
4.675000000000000711e+00 1.001949758488588582e+00
4.724999999999999645e+00 8.676810743924382452e-01
4.775000000000000355e+00 8.865443958429201077e-01
4.825000000000001066e+00 1.085332230315469770e+00
4.875000000000000000e+00 8.859861413538131503e-01
4.925000000000000711e+00 1.145876221189255029e+00
4.974999999999999645e+00 1.361162991967644675e+00
5.025000000000000355e+00 1.267499650942505385e+00
5.075000000000001066e+00 1.308050021821302034e+00
5.125000000000000000e+00 9.619888485777835507e-01
5.175000000000000711e+00 1.069288257172933188e+00
5.224999999999999645e+00 1.295726538434494479e+00
5.275000000000000355e+00 1.271279600061446358e+00
5.325000000000001066e+00 1.128706818797118538e+00
5.375000000000000000e+00 1.107805443572341009e+00
5.425000000000000711e+00 8.585363003177833852e-01
5.474999999999999645e+00 1.517268570042034970e+00
5.525000000000000355e+00 1.572705096361365129e+00
5.575000000000001066e+00 1.680114972728857792e+00
5.625000000000000000e+00 1.410808032404624157e+00
5.675000000000000711e+00 1.621425935722513367e+00
5.724999999999999645e+00 1.541833491054040772e+00
5.775000000000000355e+00 2.070842786289247783e+00
5.825000000000001066e+00 1.712752191766178766e+00
5.875000000000000000e+00 1.561714267343238927e+00
5.925000000000000711e+00 1.631434316270632845e+00
5.974999999999999645e+00 1.462693404399244557e+00
6.025000000000000355e+00 1.392113427989382535e+00
6.075000000000001066e+00 1.232363170523673501e+00
6.125000000000000000e+00 1.706235452729262692e+00
6.175000000000000711e+00 1.656627757409973922e+00
6.224999999999999645e+00 1.543182428192193978e+00
6.275000000000000355e+00 1.540077959069111380e+00
6.325000000000001066e+00 9.894970499865901603e-01
6.375000000000000000e+00 1.616486065895150315e+00
6.425000000000000711e+00 1.162964256713451494e+00
6.474999999999999645e+00 1.366051826470015218e+00
6.525000000000000355e+00 1.107808867201705683e+00
6.575000000000001066e+00 1.188437083625829560e+00
6.625000000000000000e+00 1.400841504387537073e+00
6.675000000000000711e+00 9.640633490031100816e-01
6.724999999999999645e+00 1.303621244177450400e+00
6.775000000000000355e+00 1.045909848855565372e+00
6.825000000000001066e+00 1.139129929843797129e+00
6.875000000000000000e+00 9.444272674477842688e-01
6.925000000000000711e+00 1.018653586380267040e+00
6.974999999999999645e+00 7.444201825296468122e-01
7.025000000000000355e+00 9.215931465693057989e-01
7.075000000000001066e+00 7.235253080104471213e-01
7.125000000000000000e+00 7.631787673483744205e-01
7.175000000000000711e+00 7.034979794464472080e-01
7.224999999999999645e+00 4.840428236829447672e-01
7.275000000000000355e+00 3.660160234297591964e-01
7.325000000000001066e+00 6.592836616965010998e-01
7.375000000000000000e+00 5.419787996043625711e-01
7.425000000000000711e+00 6.874766053098682050e-01
7.474999999999999645e+00 2.562505907500730040e-01
7.525000000000000355e+00 3.272261793562520893e-01
7.575000000000001066e+00 3.816334768560943336e-01
7.625000000000000000e+00 5.359946304605008871e-01
7.675000000000000711e+00 4.575427111002725034e-01
7.724999999999999645e+00 2.822743853907287437e-01
7.775000000000000355e+00 3.901177460622433646e-01
7.825000000000001066e+00 3.851481608816592073e-01
7.875000000000000000e+00 4.345976379626838026e-01
7.925000000000000711e+00 3.486689972518498548e-01
7.974999999999999645e+00 3.443106918918790726e-01
8.025000000000000355e+00 5.362068241228917787e-01
8.074999999999999289e+00 4.520865243571985381e-01
8.125000000000000000e+00 5.996387846186611581e-01
8.175000000000000711e+00 6.175315782376796792e-01
8.225000000000001421e+00 5.602467298688793562e-01
8.275000000000000355e+00 6.518962916645794081e-01
8.324999999999999289e+00 8.020733985873258476e-01
8.375000000000000000e+00 8.765807030448941051e-01
8.425000000000000711e+00 7.831461349931294613e-01
8.475000000000001421e+00 9.850053282976976021e-01
8.525000000000000355e+00 9.271285049920390264e-01
8.574999999999999289e+00 1.088163325000002679e+00
8.625000000000000000e+00 1.109549339186665096e+00
8.675000000000000711e+00 1.331823762528704824e+00
8.725000000000001421e+00 1.239155845786134469e+00
8.775000000000000355e+00 1.301641849359636005e+00
8.824999999999999289e+00 1.438338211490162832e+00
8.875000000000000000e+00 1.240395220758240713e+00
8.925000000000000711e+00 1.363992844516385805e+00
8.975000000000001421e+00 1.265188686480645419e+00
9.025000000000000355e+00 1.571766481751102562e+00
9.074999999999999289e+00 1.360182685209872844e+00
9.125000000000000000e+00 1.486929812545972451e+00
9.175000000000000711e+00 1.550809471125340844e+00
9.225000000000001421e+00 1.534044127502397492e+00
9.275000000000000355e+00 1.772105827324611305e+00
9.324999999999999289e+00 1.511004800284470040e+00
9.375000000000000000e+00 1.562010645303874679e+00
9.425000000000000711e+00 1.735111229788536047e+00
9.475000000000001421e+00 1.613648612795352655e+00
9.525000000000000355e+00 1.383232771270608286e+00
9.575000000000001066e+00 1.460691625358902401e+00
9.625000000000000000e+00 1.409188895687410348e+00
9.675000000000000711e+00 1.502635082856266902e+00
9.725000000000001421e+00 1.513940167976627560e+00
9.775000000000000355e+00 1.710043736043524776e+00
9.825000000000001066e+00 1.587980992352688636e+00
9.875000000000000000e+00 1.217822359070936278e+00
9.925000000000000711e+00 1.530491946833308692e+00
9.975000000000001421e+00 1.472863491983137596e+00
1.002500000000000036e+01 1.458208255373273809e+00
1.007500000000000107e+01 1.468663266134986545e+00
1.012500000000000000e+01 1.355604385101322196e+00
1.017500000000000071e+01 1.285367587727494598e+00
1.022500000000000142e+01 1.135877720057401730e+00
1.027500000000000036e+01 1.228559430378288964e+00
1.032500000000000107e+01 1.066578355878373019e+00
1.037500000000000000e+01 1.158042854635389585e+00
1.042500000000000071e+01 9.454680078096510121e-01
1.047500000000000142e+01 1.051602588525030635e+00
1.052500000000000036e+01 1.277333266902428877e+00
1.057500000000000107e+01 9.338993887772001345e-01
1.062500000000000000e+01 9.698948215414816554e-01
1.067500000000000071e+01 1.034740484877232136e+00
1.072500000000000142e+01 1.010470560847124055e+00
1.077500000000000036e+01 8.124986589846833196e-01
1.082500000000000107e+01 9.200117089553681016e-01
1.087500000000000000e+01 6.623135183224453382e-01
1.092500000000000071e+01 9.244163400057979763e-01
1.097500000000000142e+01 8.810502997554988669e-01
1.102500000000000036e+01 7.414225729657050179e-01
1.107500000000000107e+01 8.171442350389672704e-01
1.112500000000000000e+01 8.574518504498429561e-01
1.117500000000000071e+01 8.093296013752524498e-01
1.122500000000000142e+01 8.021356080534839395e-01
1.127500000000000036e+01 8.149130371162687236e-01
1.132500000000000107e+01 7.880324226532281484e-01
1.137500000000000000e+01 7.550825719934574076e-01
1.142500000000000071e+01 9.098000768408271988e-01
1.147500000000000142e+01 8.571141995294392357e-01
1.152500000000000036e+01 8.877393145504252070e-01
1.157500000000000107e+01 7.669324665500125704e-01
1.162500000000000000e+01 9.223910703673190437e-01
1.167500000000000071e+01 9.515820599146301850e-01
1.172500000000000142e+01 1.017001736071141860e+00
1.177500000000000036e+01 1.099502086539607459e+00
1.182500000000000107e+01 9.215702619441706878e-01
1.187500000000000000e+01 8.242352335393203777e-01
1.192500000000000071e+01 9.890973234337334663e-01
1.197500000000000142e+01 9.338678328642676663e-01
